[34, 53, 143, 201, 231, 259, 569, 599, 831, 895, 895]
[0.9926999807357788, 0.9930999875068665, 0.9933000206947327, 0.9939000010490417, 0.9940999746322632, 0.994700014591217, 0.9947999715805054, 0.9950000047683716, 0.9951000213623047, 0.995199978351593, 0.995199978351593]
0
[2, 3, 2, 2, 1, 1, 2, 4, 2, 1, 2, 2, 3, 1, 1, 2, 3, 1, 1, 2, 4, 3, 2, 1, 3, 7, 1, 2, 6]


Traducido: [4, 3, 2, 64, 3, 0, 0.25, 256, 5, 0, 0.25, 64, 7, 0, 0, 64, 7, 0, 0, 32, 3, 0, 0, 2, 4, 3, 1, 5, 64, 0, 0.5, 'selu', 32, 0, 0.25, 'elu', 1, 'RMSprop', 'relu']

[2, 3, 2, 2, 1, 1, 2, 4, 2, 1, 2, 2, 3, 1, 1, 2, 3, 1, 1, 2, 4, 3, 2, 1, 3, 7, 1, 2, 6]
          2, 1, 1, 2, 4, 2, 1, 2, 2, 3, 1, 1, 2, 3, 1, 1,
												         , 4, 4, 3
																   2, 1, 3, 7,
Conv: 2, 1, 1, 2, 4, 2, 1, 2, 2, 3, 1, 1, 2, 3, 1, 1, 
	Extra: 1, 1, 1, 1
Pooling: 2, 4, 3,
	Extra: 1, 5
Densas: 2, 1, 3, 7,
	Extra: 1, 1, 1, 1

Vector completo: 

[2, 3, 2, 2, 1, 1, 2, 4, 2, 1, 2, 2, 3, 1, 1, 2, 3, 1, 1, 1, 1, 1, 1, 2, 4, 3, 1, 5, 2, 1, 3, 7, 1, 1, 1, 1, 1, 2, 6]



-------------------------------------------------------------------------------------------------------------------------------------------------
[34, 53, 143, 201, 231, 259, 569, 599, 895]
[0.9926999807357788, 0.9930999875068665, 0.9933000206947327, 0.9939000010490417, 0.9940999746322632, 0.994700014591217, 0.9947999715805054, 0.99481000047683716, 0.995199978351593]

Individuo: [2, 3, 2, 2, 1, 1, 2, 4, 2, 1, 2, 2, 3, 1, 1, 2, 3, 1, 1, 1, 1, 1, 1, 2, 4, 3, 1, 5, 2, 1, 3, 7, 3, 2, 1, 2, 1, 2, 6]
0.9948

Traducido: [4, 3, 1, 64, 3, 0, 0.25, 256, 5, 0, 0.25, 64, 7, 0, 0, 64, 7, 0, 0, 32, 3, 0, 0, 2, 4, 3, 1, 5, 64, 0, 0.5, 'selu', 128, 1, 0, 'exponential', 1, 'RMSprop', 'relu']