[30, 60, 150, 180, 210, 240, 270, 300, 390, 450, 480, 570, 600, 690, 720, 750, 776, 802, 826, 874, 892, 900, 912, 914]
[456827, 467301, 471949, 472875, 480713, 488477, 494138, 513215, 522907, 526992, 534772, 541016, 547215, 547491, 551042, 552602, 556372, 556821, 559414, 559971, 561129, 561137, 561605, 561605]
0
[6, 9, 3, 3, 3, 1, 3, 3, 3, 1, 3, 3, 3, 1, 3, 3, 3, 1, 3, 3, 3, 1, 2, 3, 3, 1, 3, 3, 3, 1, 3, 3, 3, 1, 3, 2, 3, 1, 3, 2, 3, 1, 3, 8, 5, 7, 1, 3, 2, 4, 9, 6, 3, 1, 3, 7, 2, 1, 3, 7, 2, 3, 6]


------------------------------------------------------------------------------------------------------------------------------------------------------------------------------

Individuo: 0.5515999794006348 || [4, 4, 1, 1, 2, 1, 1, 3, 1, 1, 1, 2, 1, 1, 2, 2, 1, 1, 1, 2, 1, 1, 2, 2, 1, 1, 2, 3, 2, 1, 3, 3, 1, 1, 2, 3, 2, 1, 2, 3, 2, 1, 3, 2, 8, 5, 6, 1, 9, 4, 10, 3, 7, 2, 1, 1, 7, 1, 1, 1, 4, 1, 1, 1] 
Traducido: 
[8, 4, 1, 128, 5, 0, 0, 512, 3, 0, 0, 256, 3, 0, 0.25, 256, 3, 0, 0, 256, 3, 0, 0.25, 256, 3, 0, 0.25, 512, 5, 0, 0.5, 512, 3, 0, 0.25, 512, 5, 0, 0.25, 512, 5, 0, 0.5, 2, 8, 5, 6, 1, 9, 4, 10, 3, 7, 256, 0, 0, 'selu', 128, 0, 0, 'sigmoid', 1, 'SGD', 'elu']
