[37, 46, 83, 108, 191, 250, 332, 384, 430, 696]
[0.7843000292778015, 0.7932999730110168, 0.8101999759674072, 0.820900022983551, 0.8251000046730042, 0.8253999948501587, 0.8320000171661377, 0.8327999711036682, 0.8421000242233276, 0.8421000242233276]
1
[1, 2, 1, 1, 1, 1, 2, 1, 1, 1, 1, 2, 2, 1, 1, 2, 2, 1, 2, 2, 2, 1, 3, 3, 5, 1, 1, 6]

------------------------------------------------------------------------------------------------------------------------------------------------------------------------------

Individuo: 0.8421000242233276 || [1, 2, 2, 1, 1, 1, 2, 1, 1, 1, 1, 2, 2, 1, 1, 2, 2, 1, 2, 2, 2, 1, 3, 1, 2, 1, 3, 1, 1, 1, 2, 2, 2, 1, 1, 3, 1, 1, 2, 1, 2, 1, 1, 3, 5, 4, 2, 10, 6, 8, 1, 9, 7, 3, 1, 1, 7, 3, 1, 2, 3, 1, 1, 6] 
Traducido: 
[5, 2, 1, 128, 3, 0, 0.25, 128, 3, 0, 0, 256, 5, 0, 0, 256, 5, 0, 0.25, 256, 5, 0, 0.5, 128, 5, 0, 0.5, 128, 3, 0, 0.25, 256, 5, 0, 0, 512, 3, 0, 0.25, 128, 5, 0, 0, 3, 5, 4, 2, 10, 6, 8, 1, 9, 7, 512, 0, 0, 'selu', 512, 0, 0.25, 'tanh', 1, 'SGD', 'relu']
