[74, 192, 250, 280, 338, 368, 425, 523, 710]
[0.906499981880188, 0.9139000177383423, 0.9150999784469604, 0.9228000044822693, 0.9232000112533569, 0.9283999800682068, 0.9294000267982483, 0.9307000041007996, 0.9307000041007996]





[2, 2, 2, 1, 1, 1, 1, 4, 1, 1, 1, 4, 1, 1, 1, 4, 1, 1, 1, 1, 2, 1, 1, 1, 2, 1, 1, 1, 1, 1, 1, 2, 3, 1, 4, 5, 6, 7, 3, 1, 1, 1, 4, 1, 1, 1, 4, 1, 1, 1, 4, 1, 1, 1, 1, 2, 1, 1, 1, 3, 6]


Conf traducida: 93.07 --> [4, 2, 1, 32, 3, 0, 0, 256, 3, 0, 0, 256, 3, 0, 0, 256, 3, 0, 0, 32, 5, 0, 0, 32, 5, 0, 0, 32, 3, 0, 0, 2, 3, 1, 4, 5, 6, 7, 128, 0, 0, 'elu', 256, 0, 0, 'elu', 256, 0, 0, 'elu', 256, 0, 0, 'elu', 32, 1, 0, 'elu', 1, 'Adam', 'relu']

